structure(as.raw(c(0x88, 0x88, 0x02, 0x02, 0x88, 0x28, 0x88, 
0x02, 0x02, 0x02, 0x88, 0x88, 0x02, 0x02, 0x02, 0x02, 0x88, 0x02, 
0x88, 0x02, 0x88, 0x02, 0x02, 0x88, 0x28, 0x88, 0x02, 0x02, 0x88, 
0x88, 0x28, 0x88, 0x88, 0x88, 0x88, 0x02, 0x88, 0x02, 0x88, 0x88, 
0x88, 0x88, 0x02, 0x02, 0x88, 0x02, 0x88, 0x88, 0x88, 0x88, 0x88, 
0x88, 0x88, 0x88, 0x88, 0x88, 0x88, 0x88, 0x88, 0x88, 0x88, 0x88, 
0x88, 0x88, 0x88, 0x02, 0x02, 0x88, 0x88, 0x88, 0x88, 0x88, 0x88, 
0x28, 0x88, 0x88, 0x88, 0x88, 0x88, 0x88, 0x28, 0x88, 0x88, 0x88, 
0x28, 0x88, 0x28, 0x28, 0x88, 0x88, 0x02, 0x02, 0x88, 0x02, 0x02, 
0x88, 0x88, 0x88, 0x02, 0x02, 0x88, 0x02, 0x88, 0x02, 0x28, 0x28, 
0x88, 0x28, 0x28, 0x88, 0x02, 0x02, 0x88, 0x88, 0x02, 0x02, 0x88, 
0x88, 0x88, 0x02, 0x02, 0x02, 0x02, 0x88, 0x02, 0x88, 0x02, 0x88, 
0x88, 0x02, 0x88, 0x02, 0x88, 0x02, 0x02, 0x88, 0x88, 0x88, 0x02, 
0x02, 0x88, 0x28, 0x02, 0x28, 0x28, 0x28, 0x88, 0x88, 0x88, 0x28, 
0x28, 0x88, 0x28, 0x28, 0x88, 0x02, 0x88, 0x88, 0x28, 0x88, 0x28, 
0x88, 0x88, 0x88, 0x88, 0x28, 0x28, 0x88, 0x28, 0x28, 0x02, 0x28, 
0x88, 0x88, 0x28, 0x28, 0x88, 0x28, 0x28, 0x28, 0x28, 0x88, 0x88, 
0x88, 0x88, 0x28, 0x88, 0x88, 0x88, 0x28, 0x28, 0x88, 0x28, 0x28, 
0x88, 0x28, 0x88, 0x88, 0x88, 0x88, 0x88, 0x88, 0x88, 0x88, 0x88, 
0x88, 0x88, 0x88, 0x88, 0x88, 0x88, 0x88, 0x88, 0x88, 0x88, 0x88, 
0x88, 0x88, 0x88, 0x88, 0x28, 0x88, 0x88, 0x88, 0x88, 0x88, 0x88, 
0x88, 0x88, 0x88, 0x88, 0x88, 0x88, 0x28, 0x88, 0x88, 0x88, 0x88, 
0x88, 0x88, 0x88, 0x88, 0x88, 0x28, 0x88, 0x88, 0x88, 0x88, 0x28, 
0x88, 0x88, 0x88, 0x88, 0x88, 0x02, 0x88, 0x28, 0x88, 0x28, 0x88, 
0x88, 0x88, 0x88, 0x88, 0x88, 0x88, 0x88, 0x02, 0x88, 0x88, 0x88, 
0x88, 0x88, 0x88, 0x88, 0x88, 0x88, 0x88, 0x88, 0x88, 0x88, 0x88, 
0x88, 0x88, 0x28, 0x88, 0x28, 0x88, 0x88, 0x02, 0x88, 0x02, 0x88, 
0x28, 0x88, 0x02, 0x02, 0x88, 0x28, 0x88, 0x28, 0x28, 0x88, 0x88, 
0x28, 0x88, 0x28, 0x02, 0x28, 0x88, 0x28, 0x28, 0x28, 0x28, 0x28, 
0x28, 0x88, 0x02, 0x28, 0x02, 0x28, 0x28, 0x28, 0x02, 0x02, 0x88, 
0x28, 0x28, 0x28, 0x28, 0x28, 0x28, 0x28, 0x28, 0x28, 0x28, 0x88, 
0x88, 0x88, 0x88, 0x88, 0x88, 0x88, 0x88, 0x88, 0x02, 0x28, 0x88, 
0x88, 0x88, 0x88, 0x02, 0x88, 0x88, 0x88, 0x88, 0x88, 0x88, 0x88, 
0x88, 0x88, 0x88, 0x02, 0x02, 0x88, 0x88, 0x88, 0x88, 0x88, 0x28, 
0x28, 0x88, 0x88, 0x02, 0x88, 0x02, 0x88, 0x88, 0x28, 0x02, 0x88, 
0x28, 0x88, 0x88, 0x88, 0x88, 0x88, 0x88, 0x88, 0x88, 0x02, 0x02, 
0x88, 0x88, 0x02, 0x28, 0x88, 0x28, 0x88, 0x28, 0x88, 0x88, 0x28, 
0x88, 0x28, 0x88, 0x28, 0x28, 0x88, 0x88, 0x28, 0x88, 0x28, 0x88, 
0x88, 0x28, 0x88, 0x88, 0x28, 0x28, 0x88, 0x88, 0x28, 0x88, 0x88, 
0x28, 0x28, 0x88, 0x28, 0x02, 0x28, 0x02, 0x28, 0x28, 0x28, 0x28, 
0x28, 0x28, 0x88, 0x88, 0x28, 0x28, 0x88, 0x88, 0x28, 0x28, 0x28, 
0x28, 0x88, 0x88, 0x88, 0x88, 0x88, 0x88, 0x88, 0x88, 0x88, 0x88, 
0x88, 0x88, 0x02, 0x88, 0x88, 0x88, 0x88, 0x88, 0x88, 0x88, 0x88, 
0x02, 0x88, 0x88, 0x88, 0x88, 0x02, 0x02, 0x88, 0x88, 0x88, 0x88, 
0x88, 0x88, 0x88, 0x88, 0x88, 0x02, 0x02, 0x02, 0x88, 0x88, 0x88, 
0x88, 0x88, 0x88, 0x88, 0x88, 0x88, 0x88, 0x88, 0x88, 0x88, 0x88, 
0x88, 0x88, 0x88, 0x88, 0x02, 0x88, 0x88, 0x88, 0x02, 0x88, 0x88, 
0x02, 0x88, 0x02, 0x88, 0x88, 0x88, 0x02, 0x88, 0x88, 0x88, 0x88, 
0x88, 0x88, 0x88, 0x88, 0x88, 0x88, 0x88, 0x88, 0x28, 0x28, 0x28, 
0x28, 0x88, 0x88, 0x02, 0x02, 0x88, 0x02, 0x88, 0x02, 0x88, 0x88, 
0x02, 0x02, 0x88, 0x02, 0x88, 0x88, 0x28, 0x02, 0x88, 0x88, 0x88, 
0x88, 0x02, 0x02, 0x88, 0x88, 0x88, 0x02, 0x88, 0x88, 0x02, 0x02, 
0x02, 0x02, 0x02, 0x02, 0x88, 0x88, 0x88, 0x02, 0x88, 0x02, 0x88, 
0x88, 0x88, 0x02, 0x88, 0x88, 0x88, 0x88, 0x02, 0x88, 0x28, 0x28, 
0x28, 0x28, 0x28, 0x28, 0x28, 0x28, 0x28, 0x28, 0x28, 0x28, 0x28, 
0x02, 0x28, 0x02, 0x28, 0x28, 0x28, 0x28, 0x28, 0x88, 0x88, 0x28, 
0x88, 0x88, 0x88, 0x28, 0x28, 0x88, 0x28, 0x02, 0x88, 0x88, 0x28, 
0x28, 0x88, 0x88, 0x88, 0x02, 0x02, 0x02, 0x88, 0x88, 0x88, 0x02, 
0x88, 0x28, 0x88, 0x88, 0x28, 0x28, 0x02, 0x88, 0x02, 0x02)), .Dim = c(28L, 
23L), .Dimnames = list(c("1", "3", "4", "6", "14", "24", "31", 
"34", "44", "6", "7", "33", "1", "14", "23", "25", "37", "63", 
"73", "75", "7", "9", "16", "21", "38", "44", "53", "54"), NULL), class = "DNAbin")
